0.608
0.9056768
0.324620069
0.833119143
0.528320218
0.946952268
0.190887947
0.586909007
0.921297933
0.275530596
0.758531249
0.696014055
0.803998263
0.598823214
0.912889095
0.302185862
0.801304355
0.605019607
0.908089352
0.317159705
0.822963821
0.553638606
0.93906702
0.217436578
0.646600069
0.868331996
0.434459856
0.93367706
0.235311988
0.683772974
0.821664477
0.556821465
0.93773102
0.221887905
0.656083917
0.857423681
0.464543587
0.945222803
0.196751293
0.600552843
0.911578678
0.306291369
0.807412472
0.590890774
0.918607696
0.284116869
0.772899001
0.666999315
0.84402267
0.50026393
0.949999735
0.180500905
0.562097248
0.935346941
0.229797557
0.672564431
0.836841766
0.518842974
0.948650781
0.185107412
0.573202101
0.929637519
0.248564087
0.709763931
0.782796554
0.646099214
0.868889074
0.432899233
0.932890451
0.237902259
0.688958141
0.814320319
0.5745704
0.928869171
0.25107069
0.714529956
0.775112213
0.662390427
0.849791527
0.485054374
0.949151187
0.183400201
0.569105356
0.931852909
0.241311647
0.695705277
0.804457889
0.597760497
0.913682964
0.29969234
0.797531996
0.613603902
0.900957783
0.339084854
0.851604
0.480223583
0.948513795
0.185574429
0.574318928
0.929011448
0.250606874
0.713651661
0.776541278
0.659394703
0.853454649
0.475265282
0.947675136
0.188430495
0.581112887
0.924998659
0.263629333
0.737689849
0.735313435
0.739584832
0.731876612
0.745686301
0.720625318
0.765032982
0.68307857
0.822632501
0.554451422
0.938733162
0.218550208
0.648986856
0.865651084
0.441937282
0.937189139
0.223689496
0.659879521
0.852866448
0.476844026
0.947962443
0.187452668
0.578793827
0.926407825
0.259070195
0.72942075
0.749991254
0.712516618
0.778379411
0.655518633
0.858093028
0.462723657
0.944719802
0.198452331
0.604462212
0.908533056
0.315782821
0.821043318
0.558338515
0.937067147
0.224094774
0.660729965
0.851830338
0.479618571
0.94842147
0.185889104
0.575070512
0.928584789
0.251997298
0.716279707
0.772247735
0.668348448
0.84230344
0.504747749
0.949914344
0.180792917
0.562805984
0.935010552
0.230910115
0.674844409
0.833831845
0.526513938
0.947328642
0.189608926
0.58389805
0.923252246
0.269258639
0.747682012
0.716883759
0.771253453
0.670401944
0.839660075
0.511597927
0.949488855
0.182247124
0.566325817
0.933283367
0.236608992
0.686375671
0.818003615
0.565720064
0.933587318
0.235607743
0.684367591
0.820832648
0.558852367
0.936838316
0.224854686
0.662321213
0.849876931
0.484827307
0.9491252
0.183488909
0.569318771
0.93174065
0.241680041
0.696429036
0.803379408
0.600251552
0.91180858
0.305572036
0.806351513
0.593365251
0.916875134
0.289617467
0.781808921
0.648218182
0.866519208
0.439521948
0.93610114
0.227300025
0.667411949
0.843498309
0.501633865
0.949989856
0.180534693
0.562179286
0.935308198
0.229925736
0.672827588
0.836496374
0.519726723
0.948521254
0.185549001
0.574258163
0.929045756
0.25049501
0.713439588
0.776885461
0.658670878
0.854329499
0.472912303
0.947211775
0.190006187
0.584834575
0.92265176
0.27118886
0.751052757
0.71049555
0.781628169
0.648605184
0.866082698
0.440737142
0.936654072
0.225466242
0.663598619
0.848294869
0.489024601
0.949542254
0.182064694
0.565885137
0.933504765
0.23587975
0.684913875
0.820066063
0.560719318
0.935990025
0.227668253
0.668174595
0.842525761
0.504169192
0.949933948
0.180725882
0.562643343
0.935088084
0.230653765
0.674319901
0.834527775
0.524746439
0.947672932
0.188437994
0.581130641
0.924987712
0.263664688
0.737753358
0.735198695
0.73978998
0.731502908
0.746344333
0.719394985
0.767090194
0.678918747
0.828354712
0.540296096
0.943829654
0.201457907
0.611315951
0.902913285
0.333111363
0.715259935
0.577323477
0.311493882
4.75E-02
0.397277812
0.621379106
0.455931656
0.309326507
0.737517961
0.388998716
0.450771672
0.768640189
0.910068731
0.810097224
0.14206432
0.901867306
0.548841604
0.997046703
0.592224051
0.568634301
0.700054752
0.455326497
5.03E-03
0.922296029
7.14E-02
0.697256903
9.72E-02
0.59546969
0.679129322
7.89E-02
0.655480873
0.858137652
0.462602203
0.944685338
0.19856881
0.604729103
0.908320897
0.316441371
0.821963673
0.556089694
0.938044996
0.220843011
0.653871227
0.860029853
0.457438318
0.943116312
0.203862149
0.616749018
0.898204734
0.347445362
0.861562914
0.453234586
0.941689385
0.208659851
0.627459487
0.8882655
0.377149624
0.892649584
0.364139957
0.879859785
0.401684867
0.913269712
0.300990953
0.799502516
0.609133322
0.904741688
0.32749983
0.836926027
0.518627239
0.948681499
0.185002668
0.572951388
0.929776761
0.248109355
0.708894192
0.784180223
0.643118082
0.872165415
0.423673035
0.927861939
0.254349814
0.720692747
0.764919904
0.683306289
0.822315457
0.555228435
0.938409316
0.219629632
0.651291336
0.86302154
0.449218373
0.94020066
0.21364884
0.638411449
0.877200629
0.409334806
0.918763326
0.283621653
0.772085562
0.668683898
0.841873821
0.505864704
0.9498693
0.180946929
0.563179525
0.934831721
0.231501222
0.676051944
0.83222171
0.530589196
0.946444344
0.192612301
0.590948648
0.918567705
0.284244091
0.773107673
0.666566355
0.844571467
0.498827915
0.94999478
0.180517854
0.562138401
0.935327513
0.229861835
0.672696414
0.836668605
0.519286151
0.948586569
0.185326344
0.573725862
0.92934509
0.249518617
0.711584492
0.779881611
0.652331878
0.861820996
0.452525155
0.941435329
0.209512432
0.629344498
0.886426004
0.382564786
0.897594088
0.349291976
0.863690948
0.447369799
0.939474235
0.216077106
0.643673603
0.871560004
0.425384022
0.928843332
0.251154907
0.714689255
0.774852391
0.662933421
0.849120261
0.486837164
0.949341611
0.182750043
0.567539366
0.932666049
0.238640341
0.69042629
0.812203747
0.579609517
0.925916834
0.26066043
0.732322968
0.744898947
0.722093122
0.762563652
0.688029248
0.815651007
0.571384878
0.930635957
0.245300156
0.70348636
0.792654544
0.624542607
0.891058728
0.36887767
0.884666351
0.387720834
0.902094878
0.335614895
0.847314642
0.49161565
0.94973287
0.181413313
0.564309586
0.934284253
0.233309313
0.679729094
0.82725032
0.543047466
0.94295828
0.204394257
0.617945531
0.897137637
0.35067045
0.865262605
0.443016271
0.937660847
0.222121334
0.656577098
0.856837727
0.46613398
0.945641752
0.195333029
0.597276539
0.914041645
0.298564162
0.795809692
0.617487179
0.897547698
0.349432145
0.86385142
0.446926147
0.939296031
0.216672189
0.644956335
0.870153112
0.429349361
0.931032251
0.244002554
0.700968169
0.796524821
0.615877516
0.898975125
0.345111628
0.858836451
0.460698326
0.944130438
0.200442985
0.60900926
0.904844528
0.32718345
0.836510872
0.519689646
0.948526808
0.18553007
0.574212921
0.929071281
0.250411776
0.71328173
0.777141434
0.658131978
0.854978255
0.471163667
0.946840171
0.191268676
0.587802884
0.920704484
0.277429402
0.76175685
0.689636736
0.813344051
0.576898921
0.927528913
0.25543231
0.722709251
0.761522241
0.690103247
0.812670871
0.57850032
0.926583259
0.258501548
0.728378291
0.751804753
0.709058592
0.78391912
0.643681747
0.871551112
0.425409132
0.928857569
0.251108505
0.714601491
0.774995561
0.662634277
0.849490349
0.485854685
0.949239658
0.183098172
0.568378279
0.932232761
0.240064392
0.693247222
0.808090942
0.589303892
0.919694297
0.28065545
0.76717428
0.678748036
0.82858673
0.53971689
0.944005761
0.200863761
0.609966539
0.904047969
0.329631908
0.83970391
0.511484763
0.949498781
0.182213215
0.566243925
0.933324621
0.236473136
0.68610365
0.81838864
0.564788962
0.934049084
0.234085293
0.681299601
0.825095728
0.548388517
0.941102495
0.210628636
0.631804013
0.883985268
0.389710192
0.903777402
0.330462478
0.840776708
0.508710694
0.949711671
0.181485771
0.564485006
0.934198399
0.233592651
0.680303073
0.826465047
0.544998178
0.942305623
0.206589796
0.622859717
0.892640861
0.364165985
0.879886657
0.401607285
0.913211719
0.301173085
0.799777859
0.608506293
0.90526026
0.325903661
0.834823766
0.523993573
0.947812372
0.187963502
0.58000625
0.9256762
0.261439136
0.733737115
0.742394453
0.726730731
0.754654067
0.703574964
0.792517489
0.62484737
0.89076991
0.369735735
0.885518641
0.385226436
0.89994271
0.342174149
0.855345803
0.470171568
0.946619006
0.192019562
0.58956259
0.919518461
0.28121619
0.768107849
0.676849088
0.83115272
0.533283929
0.945790284
0.194829885
0.596110564
0.914898486
0.295865136
0.791650037
0.626772972
0.888928732
0.375190879
0.890806196
0.369627965
0.885411903
0.385539126
0.900215092
0.341345945
0.854349785
0.472857673
0.947200517
0.190044449
0.584924715
0.922593612
0.271375627
0.751377406
0.70987572
0.782618293
0.646482222
0.868463242
0.434092388
0.933493509
0.235916834
0.684988309
0.819961437
0.560973779
0.935872353
0.228058108
0.668980908
0.841492721
0.506854342
0.949821468
0.181110457
0.563575946
0.934640777
0.232132102
0.677337799
0.830494959
0.534937711
0.945361554
0.196281727
0.5994698
0.912401884
0.303713808
0.803592578
0.599759877
0.912182274
0.304401937
0.804617312
0.597391514
0.913956593
0.298831768
0.796219101
0.616566127
0.898366884
0.346954537
0.860992928
0.454799602
0.942236311
0.20682277
0.623379026
0.892154941
0.36561511
0.881374665
0.397302787
0.909922473
0.31146155
0.814922361
0.573130845
0.929677142
0.248434704
0.709516626
0.783190577
0.645251769
0.869827309
0.430265493
0.931520974
0.242400665
0.697841814
0.801262744
0.605114885
0.908013272
0.317395646
0.82329147
0.552833976
0.93939257
0.216349845
0.644261841
0.870916381
0.427199945
0.929860578
0.247835558
0.708369758
0.785011767
0.641319511
0.874109424
0.418160129
0.924548495
0.265082588
0.740292475
0.7305862
0.747954017
0.716371461
0.772096886
0.668660482
0.841903839
0.505786706
0.949872753
0.180935122
0.563150894
0.934845465
0.231455801
0.67595925
0.832345701
0.530276072
0.946516766
0.192366555
0.590374322
0.918963431
0.282984645
0.771036475
0.670849071
0.839080261
0.51309339
0.94934854
0.182726381
0.567482312
0.932695323
0.23854408
0.690235046
0.812480383
0.578952838
0.926312507
0.259379055
0.729985931
0.749004592
0.71438751
0.775344384
0.661904788
0.850389991
0.483462046
0.948960685
0.184050353
0.570668117
0.931022866
0.2440333
0.701027984
0.796433449
0.616083398
0.89879365
0.345661775
0.859482907
0.45893375
0.94359154
0.202260874
0.613135369
0.901361476
0.337854071
0.850093051
0.484252452
0.949057656
0.183719442
0.569873113
0.931447443
0.242641796
0.698313669
0.800552417
0.606739329
0.906705519
0.321444358
0.828847955
0.539064286
0.94420113
0.200204353
0.608465767
0.905293674
0.325800743
0.834687552
0.524340122
0.947748722
0.188180111
0.580519756
0.925362962
0.262452133
0.735569841
0.739126031
0.732711217
0.744212859
0.723368301
0.760405088
0.692318923
0.80945104
0.586112204
0.921821816
0.273852152
0.755657172
0.701629759
0.795512674
0.618154587
0.896950076
0.351236422
0.865903712
0.441234999
0.936877364
0.224725043
0.662050052
0.850211166
0.483938128
0.949019662
0.183849104
0.570184723
0.931281598
0.243185496
0.699375981
0.798947029
0.61039656
0.903687878
0.330737169
0.841130358
0.507794301
0.949769146
0.181289319
0.564009307
0.934430673
0.232825965
0.678748532
0.828586057
0.539718573
0.944005253
0.200865475
0.609970436
0.904044712
0.329641907
0.839716857
0.511451337
0.949501694
0.182203263
0.566219888
0.93333672
0.23643329
0.686023839
0.818501499
0.56451582
0.934183294
0.233642496
0.680403984
0.82632673
0.545341287
0.942187837
0.206985683
0.623741919
0.891814162
0.366630316
0.882407604
0.394304812
0.907548403
0.318836336
0.825282963
0.547925778
0.941271855
0.21006077
0.630553922
0.885231559
0.386067254
0.900673452
0.339950983
0.852660386
0.477396479
0.948058507
0.187125582
0.578016474
0.926871033
0.257568261
0.726662037
0.75477242
0.703345853
0.792871764
0.624059294
0.891515308
0.367519902
0.88330629
0.391689895
0.9054219
0.325405714
0.834163975
0.525670865
0.947495825
0.189040448
0.582555796
0.924101254
0.26652488
0.742859599
0.725873018
0.756129243
0.700711681
0.796916321
0.614994655
0.899749672
0.34276076
0.856048121
0.468272994
0.946174909
0.193526212
0.593080506
0.917076874
0.288978149
0.780785158
0.650406842
0.864035571
0.446416791
0.939089591
0.217361259
0.6464383
0.868512132
0.433955471
0.933424857